Register

11111111611116113111.

Ablacic Β111111111111 (1111611111 1,6,125-1.11311,1111111.
11111111 1111111511 Horaz 161 1. 2,1,1.

1, 9, 68- 311 den W3rtern 1113111111. 1, 6, 47.
161111111111111161131611511 Acutae 111111. 1', 3, 29.

florez 1115131155111115 1, 2, 30. 1111511111 1,4, 125.
-1111131111811111 1511515111 Wor Adesse, 1111511. 116 den 1111111111.
11111161131511111. 1, 5, 72 1, 9,138.

1451111111, nigcht 115113111151. 2, 1111111111, 3115111115 111111 der Ad
2,8. 11151111. g1, 6, 128. 2, 7, 28. - -
Ac 161 quam nach dem 1111131111. Im gen. 111611. 111 16511 2, 2, 25.
1, 1, 46 1411111111,16 811115663161 die
,11111111116131115111111611. Τ11111111111111.1,9,46.

1, 5, 1. 1111111111, von derectae. 1, 9, 34.
415111111151131111113.3111.1,1,1111. 2, 6, 89.

-Ν1111 311115111511511 31- Accepere, 1118156111511111. 2, 5, 48.
51161111 in dem 1631165311111 Α11111111,1115111611.2,8,90
Gliede eines 8111111111 der [Adversum 5111111 1, 7,11.]
11161.611661115111115113151,1 Advocati 1518111551. l, 9, 39.
4,.24-Α15111111111111Ρ1611111 11111111, 1111111513. 2, 3, 183
16111. 1,1,41-1111115511-1131111111,11511111111112111-
weilen 6115311115 6111111131 161113111511111161111116115511
11111111111151131111111111811111. 6161111111 (1111151111 16 1111151111.
1,,.-4110 111111111131111111,,.3111Ρ1111 111111111516111.
3111 mit dem infinit. 11151111, 14131111111131151111. 1, 3, 9.
111116. 1. 11. 11111 1115111111 1111131. 1,4, 101.
infinit. 1, 2, 35- (11511615 111,11111116151115111611111111
desselben nach 11111 1111125,66181151111111.1,4,28.
102-,4111111111111161111116111 1111311111111511. 2, 3, 299.

1111 Ausdruck der Verwunderung Aecopuc, vom 1113111111. Ε1 und
1111 Unwillens. 1, 9, 72.- Dop· 1111181511 1111111111 Verschwender
3111111116151111111111111111115 5115151 1131. 2, 3, 239. 2, 3, 244.
der Analogie von 111111. 1, 4, 1411111181511113111111. 1,10, 18.
105. Α111111,1.1.1.11111115111. 2,
Acer, vender 111151111118111111. 2, 71.

29*

 

